entity	0.489558105085
script	0.368543001531
iss	0.346130149773
edit	0.340593776501
skript	0.249508409377
mode	0.235014088034
render	0.221419658547
template	0.196564327371
package	0.177635874716
model	0.176934499358
display	0.160965820361
message	0.160474769712
default	0.149874908592
create	0.130647664429
code	0.127963230829
iteratec	0.114542968822
