diagrams	0.507017265089
filter	0.407499497834
feb	0.385249466113
add	0.357534776883
ach	0.319730907738
pm	0.221671534579
review	0.202925028957
jan	0.186497722245
improvement	0.172907158807
iteraplan	0.172635702043
po	0.116633283301
