import	0.481916168827
excel	0.328284244319
beta	0.299554548119
attributes	0.29509978896
attribute	0.268425179786
enumeration	0.199612671479
implemented	0.183432997621
functionality	0.180493896181
firstly	0.177766791154
uba	0.173944253137
types	0.166755261826
headline	0.145771626462
integrated	0.142409896306
sep	0.136770739479
definitions	0.13416939934
says	0.13217113434
importing	0.124645522524
better	0.104844021983
exist	0.103957113943
enum	0.0978636587001
gui	0.0941340960621
documentation	0.093446627468
wrong	0.0927809870005
correct	0.0877560266534
currently	0.085946079509
works	0.0833311947621
check	0.0713873589443
aug	0.0688684236761
feature	0.0615727007171
code	0.0577392115825
pm	0.0519499791502
new	0.0475727330504
po	0.0410005054137
iteraplan	0.0303436156296
