demo	0.645976098103
instance	0.404667944772
undeploy	0.236847292997
registration	0.212800676578
database	0.174694585319
cleanup	0.152771494706
oct	0.136811708034
undeployment	0.126562762856
missed	0.118423646498
application	0.117750056938
undeployed	0.116481550572
delete	0.113805327645
succeeded	0.108342434215
record	0.108342434215
phase	0.10733899396
logfiles	0.0963191260054
file	0.0936429030784
repository	0.0934419256509
stop	0.0866996704404
svn	0.0855716545634
mada	0.0847282812215
successfully	0.081940648241
later	0.0746470689381
drop	0.0740451575963
handle	0.0719442415329
ipts	0.067444657462
sql	0.0650342228324
errors	0.0647721596168
process	0.0638172807258
missing	0.0636240006061
implement	0.0635283152941
files	0.0621638045321
template	0.0615267341523
step	0.061485238789
db	0.0612387224642
index	0.0598044527121
sfe	0.0561944940057
status	0.0556851149613
remove	0.0552468410469
current	0.052301304866
sep	0.0474391288609
speedbird	0.045383114909
sub	0.0441747862704
add	0.0435941797466
user	0.0420884707343
task	0.0346786316353
iteraplan	0.0210494539613
pm	0.0180189254267
